#multi:
,mass A,,mass B,,
t,x,y,x,y,
0,000000E0,−1,555276E1,5,589096E0,1,951482E0,3,222215E0
1,000000E−2,−1,498701E1,5,617211E0,1,928326E0,3,224005E0
2,000000E−2,−1,438012E1,5,652807E0,1,904326E0,3,228966E0
3,000000E−2,−1,377635E1,5,688796E0,1,868106E0,3,228925E0
4,000000E−2,−1,320441E1,5,709516E0,1,844472E0,3,228492E0
5,000000E−2,−1,262073E1,5,758765E0,1,822501E0,3,229734E0
6,000000E−2,−1,200259E1,5,789830E0,1,802673E0,3,239342E0
7,000000E−2,−1,144951E1,5,812111E0,1,772047E0,3,238630E0
8,000000E−2,−1,082227E1,5,869665E0,1,749795E0,3,239278E0
9,000000E−2,−1,024902E1,5,883902E0,1,725864E0,3,239131E0
1,000000E−1,−9,664609E0,5,928500E0,1,709553E0,3,247635E0
1,100000E−1,−9,079277E0,5,963255E0,1,683056E0,3,245844E0
1,200000E−1,−8,468067E0,5,986757E0,1,659087E0,3,246591E0
1,300000E−1,−7,916589E0,6,043305E0,1,636246E0,3,244720E0
1,400000E−1,−7,317756E0,6,056255E0,1,617108E0,3,252524E0
1,500000E−1,−6,733307E0,6,101125E0,1,588190E0,3,252250E0
1,600000E−1,−6,168757E0,6,137245E0,1,566891E0,3,250968E0
1,700000E−1,−5,549970E0,6,157432E0,1,545409E0,3,248419E0
1,800000E−1,−5,134075E0,6,235214E0,1,640621E0,3,213041E0
1,900000E−1,−5,009567E0,6,430864E0,2,144646E0,3,048406E0
2,000000E−1,−4,914220E0,6,625359E0,2,626717E0,2,885677E0
2,100000E−1,−4,810229E0,6,826407E0,3,104653E0,2,690393E0
2,200000E−1,−4,694227E0,7,029157E0,3,588801E0,2,521645E0
2,300000E−1,−4,574050E0,7,229074E0,4,010408E0,2,366708E0
2,400000E−1,−4,459225E0,7,425905E0,4,498860E0,2,208705E0
2,500000E−1,−4,362869E0,7,613833E0,4,977514E0,2,038689E0
2,600000E−1,−4,252239E0,7,806154E0,5,460183E0,1,859690E0
2,700000E−1,−4,141498E0,8,013876E0,5,952985E0,1,695832E0
2,800000E−1,−4,028189E0,8,213509E0,6,431586E0,1,524940E0
2,900000E−1,−3,906641E0,8,418631E0,6,903231E0,1,332960E0
3,000000E−1,−3,806548E0,8,606230E0,7,392107E0,1,163690E0
3,100000E−1,−3,709756E0,8,798503E0,7,871647E0,9,975462E−1
3,200000E−1,−3,593043E0,8,998230E0,8,281342E0,8,301737E−1
3,300000E−1,−3,485602E0,9,198492E0,8,765099E0,6,726926E−1
3,400000E−1,−3,382046E0,9,398181E0,9,244967E0,5,122368E−1
3,500000E−1,−3,265204E0,9,599566E0,9,711004E0,3,464028E−1
3,600000E−1,−3,164086E0,9,787263E0,1,017936E1,1,472504E−1
3,700000E−1,−3,049666E0,9,982230E0,1,066381E1,−1,806950E−2
3,800000E−1,−2,948013E0,1,018014E1,1,108995E1,−1,758876E−1
3,900000E−1,−2,843247E0,1,038322E1,1,157040E1,−3,337589E−1
4,000000E−1,−2,743373E0,1,059562E1,1,204370E1,−4,927284E−1
4,100000E−1,−2,634556E0,1,077452E1,1,251128E1,−6,614597E−1
4,200000E−1,−2,506570E0,1,096232E1,1,297632E1,−8,296323E−1
4,300000E−1,−2,408513E0,1,116153E1,1,339942E1,−9,920655E−1
4,400000E−1,−2,299705E0,1,135482E1,1,387144E1,−1,146800E0
4,500000E−1,−2,202525E0,1,155978E1,1,433273E1,−1,314153E0
4,600000E−1,−2,106223E0,1,176590E1,1,479617E1,−1,497823E0
4,700000E−1,−1,992500E0,1,195206E1,1,527871E1,−1,667022E0
4,800000E−1,−1,868758E0,1,214148E1,1,575572E1,−1,831082E0
4,900000E−1,−1,763534E0,1,233756E1,1,618162E1,−1,995797E0
5,000000E−1,−1,660034E0,1,253121E1,1,665872E1,−2,150143E0
5,100000E−1,−1,563724E0,1,273485E1,1,712570E1,−2,308396E0
5,200000E−1,−1,465270E0,1,293502E1,1,758557E1,−2,475083E0
5,300000E−1,−1,358662E0,1,312318E1,1,804543E1,−2,649188E0
5,400000E−1,−1,248559E0,1,331765E1,1,847785E1,−2,804567E0
5,500000E−1,−1,120021E0,1,350607E1,1,894429E1,−2,966790E0
5,600000E−1,−1,023648E0,1,370292E1,1,940728E1,−3,124516E0
5,700000E−1,−9,278976E−1,1,390467E1,1,986753E1,−3,293637E0
5,800000E−1,−8,301627E−1,1,410244E1,2,032610E1,−3,458778E0
5,900000E−1,−7,274114E−1,1,428918E1,2,075279E1,−3,621118E0
6,000000E−1,−6,232754E−1,1,448946E1,2,121201E1,−3,781316E0
6,100000E−1,−5,029771E−1,1,467831E1,2,167065E1,−3,942493E0
6,200000E−1,−3,892895E−1,1,487027E1,2,213123E1,−4,115627E0
6,300000E−1,−2,938936E−1,1,506740E1,2,258530E1,−4,270496E0
6,400000E−1,−1,996949E−1,1,526293E1,2,302074E1,−4,439027E0
6,500000E−1,−9,983400E−2,1,545742E1,2,348281E1,−4,591674E0
6,600000E−1,5,490064E−3,1,565167E1,2,393899E1,−4,759844E0
6,700000E−1,1,117709E−1,1,584416E1,2,439093E1,−4,919481E0
6,800000E−1,2,180042E−1,1,603650E1,2,482935E1,−5,082296E0
6,900000E−1,3,426204E−1,1,623706E1,2,528810E1,−5,237357E0
7,000000E−1,4,351651E−1,1,642605E1,2,574607E1,−5,399292E0
7,100000E−1,5,318373E−1,1,661327E1,2,619396E1,−5,565235E0
7,200000E−1,6,292366E−1,1,680881E1,2,665203E1,−5,724085E0
7,300000E−1,7,303609E−1,1,699676E1,2,709013E1,−5,892666E0
7,400000E−1,8,348064E−1,1,718751E1,2,754837E1,−6,053387E0
7,500000E−1,9,472205E−1,1,738082E1,2,799852E1,−6,210159E0
7,600000E−1,1,053026E0,1,757528E1,2,845027E1,−6,374440E0
7,700000E−1,1,163451E0,1,777477E1,2,889243E1,−6,531302E0
7,800000E−1,1,257657E0,1,796103E1,2,934392E1,−6,684783E0
7,900000E−1,1,355313E0,1,814739E1,2,979798E1,−6,848406E0
8,000000E−1,1,452084E0,1,833084E1,3,024621E1,−7,013063E0
8,100000E−1,1,558610E0,1,852444E1,3,070757E1,−7,172458E0
8,200000E−1,1,666468E0,1,871508E1,3,113566E1,−7,341252E0
8,300000E−1,1,771904E0,1,890301E1,3,159569E1,−7,494550E0
8,400000E−1,1,876839E0,1,909338E1,3,204404E1,−7,657869E0
8,500000E−1,1,973088E0,1,928557E1,3,248138E1,−7,804752E0
